Vector3f[7.249999, 44.287, 30.763025]=Vector3f[11.5, 45.286995, 30.763025]
Vector3f[11.5, 45.286995, 30.763025]=Vector3f[6.146552, 45.286995, 30.763025]
Vector3f[6.146552, 45.286995, 30.763025]=Vector3f[7.249999, 44.287, 30.763025]
Vector3f[7.249999, 44.287, 30.763025]=Vector3f[6.146552, 45.286995, 30.763025]
Vector3f[6.146552, 45.286995, 30.763025]=Vector3f[2.999999, 44.287, 30.763025]
Vector3f[2.999999, 44.287, 30.763025]=Vector3f[7.249999, 44.287, 30.763025]
Vector3f[9.081395, 44.287, 22.036976]=Vector3f[7.249999, 44.287, 30.763025]
Vector3f[7.249999, 44.287, 30.763025]=Vector3f[2.999999, 44.287, 30.763025]
Vector3f[2.999999, 44.287, 30.763025]=Vector3f[9.081395, 44.287, 22.036976]
Vector3f[9.081395, 44.287, 22.036976]=Vector3f[2.999999, 44.287, 30.763025]
Vector3f[2.999999, 44.287, 30.763025]=Vector3f[6.662791, 44.287, 22.036976]
Vector3f[6.662791, 44.287, 22.036976]=Vector3f[9.081395, 44.287, 22.036976]
Vector3f[6.662791, 44.287, 22.036976]=Vector3f[7.183883, 45.286995, 22.036974]
Vector3f[7.183883, 45.286995, 22.036974]=Vector3f[9.081395, 44.287, 22.036976]
Vector3f[9.081395, 44.287, 22.036976]=Vector3f[6.662791, 44.287, 22.036976]
Vector3f[7.183883, 45.286995, 22.036974]=Vector3f[11.5, 44.287, 22.036976]
Vector3f[11.5, 44.287, 22.036976]=Vector3f[9.081395, 44.287, 22.036976]
Vector3f[9.081395, 44.287, 22.036976]=Vector3f[7.183883, 45.286995, 22.036974]
Vector3f[7.183883, 45.286995, 22.036974]=Vector3f[11.5, 44.571537, 22.036976]
Vector3f[11.5, 44.571537, 22.036976]=Vector3f[11.5, 44.287, 22.036976]
Vector3f[11.5, 44.287, 22.036976]=Vector3f[7.183883, 45.286995, 22.036974]
Vector3f[11.5, 44.571537, 22.036976]=Vector3f[11.5, 44.287, 30.763025]
Vector3f[11.5, 44.287, 30.763025]=Vector3f[11.5, 44.287, 22.036976]
Vector3f[11.5, 44.287, 22.036976]=Vector3f[11.5, 44.571537, 22.036976]
Vector3f[11.5, 44.287, 22.036976]=Vector3f[11.5, 44.287, 30.763025]
Vector3f[11.5, 44.287, 30.763025]=Vector3f[7.249999, 44.287, 30.763025]
Vector3f[7.249999, 44.287, 30.763025]=Vector3f[11.5, 44.287, 22.036976]
Vector3f[11.5, 44.787, 30.763025]=Vector3f[7.249999, 44.287, 30.763025]
Vector3f[7.249999, 44.287, 30.763025]=Vector3f[11.5, 44.287, 30.763025]
Vector3f[11.5, 44.287, 30.763025]=Vector3f[11.5, 44.787, 30.763025]
Vector3f[11.5, 44.571537, 22.036976]=Vector3f[11.5, 44.787, 30.763025]
Vector3f[11.5, 44.787, 30.763025]=Vector3f[11.5, 44.287, 30.763025]
Vector3f[11.5, 44.287, 30.763025]=Vector3f[11.5, 44.571537, 22.036976]
Vector3f[11.5, 44.571537, 22.036976]=Vector3f[11.5, 45.002453, 22.036974]
Vector3f[11.5, 45.002453, 22.036974]=Vector3f[11.5, 44.787, 30.763025]
Vector3f[11.5, 44.787, 30.763025]=Vector3f[11.5, 44.571537, 22.036976]
Vector3f[11.5, 45.286995, 22.036974]=Vector3f[11.5, 44.787, 30.763025]
Vector3f[11.5, 44.787, 30.763025]=Vector3f[11.5, 45.002453, 22.036974]
Vector3f[11.5, 45.002453, 22.036974]=Vector3f[11.5, 45.286995, 22.036974]
Vector3f[11.5, 45.002453, 22.036974]=Vector3f[7.183883, 45.286995, 22.036974]
Vector3f[7.183883, 45.286995, 22.036974]=Vector3f[11.5, 45.286995, 22.036974]
Vector3f[11.5, 45.286995, 22.036974]=Vector3f[11.5, 45.002453, 22.036974]
Vector3f[11.5, 45.286995, 22.036974]=Vector3f[7.183883, 45.286995, 22.036974]
Vector3f[7.183883, 45.286995, 22.036974]=Vector3f[11.5, 45.286995, 30.763025]
Vector3f[11.5, 45.286995, 30.763025]=Vector3f[11.5, 45.286995, 22.036974]
Vector3f[3.839662, 45.286995, 22.036974]=Vector3f[11.5, 45.286995, 30.763025]
Vector3f[11.5, 45.286995, 30.763025]=Vector3f[7.183883, 45.286995, 22.036974]
Vector3f[7.183883, 45.286995, 22.036974]=Vector3f[3.839662, 45.286995, 22.036974]
Vector3f[11.5, 45.286995, 22.036974]=Vector3f[11.5, 45.286995, 30.763025]
Vector3f[11.5, 45.286995, 30.763025]=Vector3f[11.5, 44.787, 30.763025]
Vector3f[11.5, 44.787, 30.763025]=Vector3f[11.5, 45.286995, 22.036974]
Vector3f[7.183883, 45.286995, 22.036974]=Vector3f[11.5, 45.002453, 22.036974]
Vector3f[11.5, 45.002453, 22.036974]=Vector3f[11.5, 44.571537, 22.036976]
Vector3f[11.5, 44.571537, 22.036976]=Vector3f[7.183883, 45.286995, 22.036974]
Vector3f[6.662791, 44.287, 22.036976]=Vector3f[3.839662, 45.286995, 22.036974]
Vector3f[3.839662, 45.286995, 22.036974]=Vector3f[7.183883, 45.286995, 22.036974]
Vector3f[7.183883, 45.286995, 22.036974]=Vector3f[6.662791, 44.287, 22.036976]
Vector3f[2.999999, 44.287, 22.036976]=Vector3f[3.839662, 45.286995, 22.036974]
Vector3f[3.839662, 45.286995, 22.036974]=Vector3f[6.662791, 44.287, 22.036976]
Vector3f[6.662791, 44.287, 22.036976]=Vector3f[2.999999, 44.287, 22.036976]
Vector3f[2.999999, 44.287, 22.036976]=Vector3f[0.0, 45.286995, 22.036974]
Vector3f[0.0, 45.286995, 22.036974]=Vector3f[3.839662, 45.286995, 22.036974]
Vector3f[3.839662, 45.286995, 22.036974]=Vector3f[2.999999, 44.287, 22.036976]
Vector3f[0.0, 45.286995, 22.036974]=Vector3f[6.146552, 45.286995, 30.763025]
Vector3f[6.146552, 45.286995, 30.763025]=Vector3f[3.839662, 45.286995, 22.036974]
Vector3f[3.839662, 45.286995, 22.036974]=Vector3f[0.0, 45.286995, 22.036974]
Vector3f[0.0, 45.286995, 22.036974]=Vector3f[0.0, 45.286995, 30.763025]
Vector3f[0.0, 45.286995, 30.763025]=Vector3f[6.146552, 45.286995, 30.763025]
Vector3f[6.146552, 45.286995, 30.763025]=Vector3f[0.0, 45.286995, 22.036974]
Vector3f[0.0, 45.286995, 22.036974]=Vector3f[0.0, 26.633894, 22.036976]
Vector3f[0.0, 26.633894, 22.036976]=Vector3f[0.0, 45.286995, 30.763025]
Vector3f[0.0, 45.286995, 30.763025]=Vector3f[0.0, 45.286995, 22.036974]
Vector3f[0.0, 11.110481, 22.036976]=Vector3f[0.0, 45.286995, 30.763025]
Vector3f[0.0, 45.286995, 30.763025]=Vector3f[0.0, 26.633894, 22.036976]
Vector3f[0.0, 26.633894, 22.036976]=Vector3f[0.0, 11.110481, 22.036976]
Vector3f[0.999998, 14.901947, 22.036976]=Vector3f[0.0, 11.110481, 22.036976]
Vector3f[0.0, 11.110481, 22.036976]=Vector3f[0.0, 26.633894, 22.036976]
Vector3f[0.0, 26.633894, 22.036976]=Vector3f[0.999998, 14.901947, 22.036976]
Vector3f[0.999998, 14.901947, 22.036976]=Vector3f[0.0, 26.633894, 22.036976]
Vector3f[0.0, 26.633894, 22.036976]=Vector3f[0.999998, 29.094479, 22.036974]
Vector3f[0.999998, 29.094479, 22.036974]=Vector3f[0.999998, 14.901947, 22.036976]
Vector3f[0.999998, 29.094479, 22.036974]=Vector3f[0.999998, -3.412937, 30.763016]
Vector3f[0.999998, -3.412937, 30.763016]=Vector3f[0.999998, 14.901947, 22.036976]
Vector3f[0.999998, 14.901947, 22.036976]=Vector3f[0.999998, 29.094479, 22.036974]
Vector3f[0.999998, -3.412937, 22.036976]=Vector3f[0.999998, 14.901947, 22.036976]
Vector3f[0.999998, 14.901947, 22.036976]=Vector3f[0.999998, -3.412937, 30.763016]
Vector3f[0.999998, -3.412937, 30.763016]=Vector3f[0.999998, -3.412937, 22.036976]
Vector3f[0.999998, -3.412937, 22.036976]=Vector3f[0.999998, -3.412937, 30.763016]
Vector3f[0.999998, -3.412937, 30.763016]=Vector3f[1.511493, -3.412937, 30.763016]
Vector3f[1.511493, -3.412937, 30.763016]=Vector3f[0.999998, -3.412937, 22.036976]
Vector3f[0.999998, -3.412937, 22.036976]=Vector3f[1.511493, -3.412937, 30.763016]
Vector3f[1.511493, -3.412937, 30.763016]=Vector3f[1.310894, -3.412937, 22.036976]
Vector3f[1.310894, -3.412937, 22.036976]=Vector3f[0.999998, -3.412937, 22.036976]
Vector3f[2.205244, -4.412937, 22.036976]=Vector3f[0.999998, -3.412937, 22.036976]
Vector3f[0.999998, -3.412937, 22.036976]=Vector3f[1.310894, -3.412937, 22.036976]
Vector3f[1.310894, -3.412937, 22.036976]=Vector3f[2.205244, -4.412937, 22.036976]
Vector3f[1.607817, -3.412937, 22.036976]=Vector3f[2.205244, -4.412937, 22.036976]
Vector3f[2.205244, -4.412937, 22.036976]=Vector3f[1.310894, -3.412937, 22.036976]
Vector3f[1.310894, -3.412937, 22.036976]=Vector3f[1.607817, -3.412937, 22.036976]
Vector3f[1.310894, -3.412937, 22.036976]=Vector3f[2.0, -3.412937, 30.763016]
Vector3f[2.0, -3.412937, 30.763016]=Vector3f[1.607817, -3.412937, 22.036976]
Vector3f[1.607817, -3.412937, 22.036976]=Vector3f[1.310894, -3.412937, 22.036976]
Vector3f[2.0, -3.412937, 22.036976]=Vector3f[1.607817, -3.412937, 22.036976]
Vector3f[1.607817, -3.412937, 22.036976]=Vector3f[2.0, -3.412937, 30.763016]
Vector3f[2.0, -3.412937, 30.763016]=Vector3f[2.0, -3.412937, 22.036976]
Vector3f[2.0, -3.412937, 22.036976]=Vector3f[2.0, -3.412937, 30.763016]
Vector3f[2.0, -3.412937, 30.763016]=Vector3f[2.0, 19.93703, 30.763021]
Vector3f[2.0, 19.93703, 30.763021]=Vector3f[2.0, -3.412937, 22.036976]
Vector3f[2.0, -3.412937, 22.036976]=Vector3f[2.0, 19.93703, 30.763021]
Vector3f[2.0, 19.93703, 30.763021]=Vector3f[2.0, 10.348648, 22.036976]
Vector3f[2.0, 10.348648, 22.036976]=Vector3f[2.0, -3.412937, 22.036976]
Vector3f[2.0, 10.348648, 22.036976]=Vector3f[2.999999, -4.412937, 22.036976]
Vector3f[2.999999, -4.412937, 22.036976]=Vector3f[2.0, -3.412937, 22.036976]
Vector3f[2.0, -3.412937, 22.036976]=Vector3f[2.0, 10.348648, 22.036976]
Vector3f[2.999999, -4.412937, 22.036976]=Vector3f[2.0, 10.348648, 22.036976]
Vector3f[2.0, 10.348648, 22.036976]=Vector3f[2.999999, 9.444229, 22.036976]
Vector3f[2.999999, 9.444229, 22.036976]=Vector3f[2.999999, -4.412937, 22.036976]
Vector3f[2.999999, 9.444229, 22.036976]=Vector3f[2.999999, -4.412937, 30.763016]
Vector3f[2.999999, -4.412937, 30.763016]=Vector3f[2.999999, -4.412937, 22.036976]
Vector3f[2.999999, -4.412937, 22.036976]=Vector3f[2.999999, 9.444229, 22.036976]
Vector3f[2.999999, -4.412937, 22.036976]=Vector3f[2.999999, -4.412937, 30.763016]
Vector3f[2.999999, -4.412937, 30.763016]=Vector3f[1.603448, -4.412937, 30.763016]
Vector3f[1.603448, -4.412937, 30.763016]=Vector3f[2.999999, -4.412937, 22.036976]
Vector3f[2.999999, -4.412937, 22.036976]=Vector3f[1.603448, -4.412937, 30.763016]
Vector3f[1.603448, -4.412937, 30.763016]=Vector3f[2.205244, -4.412937, 22.036976]
Vector3f[2.205244, -4.412937, 22.036976]=Vector3f[2.999999, -4.412937, 22.036976]
Vector3f[2.205244, -4.412937, 22.036976]=Vector3f[1.603448, -4.412937, 30.763016]
Vector3f[1.603448, -4.412937, 30.763016]=Vector3f[0.0, -4.412937, 30.763016]
Vector3f[0.0, -4.412937, 30.763016]=Vector3f[2.205244, -4.412937, 22.036976]
Vector3f[2.205244, -4.412937, 22.036976]=Vector3f[0.0, -4.412937, 30.763016]
Vector3f[0.0, -4.412937, 30.763016]=Vector3f[1.292748, -4.412937, 22.036976]
Vector3f[1.292748, -4.412937, 22.036976]=Vector3f[2.205244, -4.412937, 22.036976]
Vector3f[0.0, -4.412937, 22.036976]=Vector3f[1.292748, -4.412937, 22.036976]
Vector3f[1.292748, -4.412937, 22.036976]=Vector3f[0.0, -4.412937, 30.763016]
Vector3f[0.0, -4.412937, 30.763016]=Vector3f[0.0, -4.412937, 22.036976]
Vector3f[0.0, -4.412937, 22.036976]=Vector3f[0.0, -4.412937, 30.763016]
Vector3f[0.0, -4.412937, 30.763016]=Vector3f[0.0, 20.437029, 30.763021]
Vector3f[0.0, 20.437029, 30.763021]=Vector3f[0.0, -4.412937, 22.036976]
Vector3f[0.0, -4.412937, 22.036976]=Vector3f[0.0, 20.437029, 30.763021]
Vector3f[0.0, 20.437029, 30.763021]=Vector3f[0.0, 11.110481, 22.036976]
Vector3f[0.0, 11.110481, 22.036976]=Vector3f[0.0, -4.412937, 22.036976]
Vector3f[0.999998, -3.412937, 22.036976]=Vector3f[0.0, -4.412937, 22.036976]
Vector3f[0.0, -4.412937, 22.036976]=Vector3f[0.0, 11.110481, 22.036976]
Vector3f[0.0, 11.110481, 22.036976]=Vector3f[0.999998, -3.412937, 22.036976]
Vector3f[0.999998, -3.412937, 30.763016]=Vector3f[0.0, 20.437029, 30.763021]
Vector3f[0.0, 20.437029, 30.763021]=Vector3f[0.0, -4.412937, 30.763016]
Vector3f[0.0, -4.412937, 30.763016]=Vector3f[0.999998, -3.412937, 30.763016]
Vector3f[0.999998, 19.937033, 30.763021]=Vector3f[0.0, 20.437029, 30.763021]
Vector3f[0.0, 20.437029, 30.763021]=Vector3f[0.999998, -3.412937, 30.763016]
Vector3f[0.999998, -3.412937, 30.763016]=Vector3f[0.999998, 19.937033, 30.763021]
Vector3f[0.999998, 19.937033, 30.763021]=Vector3f[0.0, 45.286995, 30.763025]
Vector3f[0.0, 45.286995, 30.763025]=Vector3f[0.0, 20.437029, 30.763021]
Vector3f[0.0, 20.437029, 30.763021]=Vector3f[0.999998, 19.937033, 30.763021]
Vector3f[0.0, 45.286995, 30.763025]=Vector3f[0.999998, 19.937033, 30.763021]
Vector3f[0.999998, 19.937033, 30.763021]=Vector3f[0.999998, 43.287, 30.763025]
Vector3f[0.999998, 43.287, 30.763025]=Vector3f[0.0, 45.286995, 30.763025]
Vector3f[0.0, 45.286995, 30.763025]=Vector3f[0.999998, 43.287, 30.763025]
Vector3f[0.999998, 43.287, 30.763025]=Vector3f[1.511493, 43.287, 30.763025]
Vector3f[1.511493, 43.287, 30.763025]=Vector3f[0.0, 45.286995, 30.763025]
Vector3f[0.0, 45.286995, 30.763025]=Vector3f[1.511493, 43.287, 30.763025]
Vector3f[1.511493, 43.287, 30.763025]=Vector3f[2.0, 43.287, 30.763025]
Vector3f[2.0, 43.287, 30.763025]=Vector3f[0.0, 45.286995, 30.763025]
Vector3f[2.0, 43.287, 30.763025]=Vector3f[2.999999, 44.287, 30.763025]
Vector3f[2.999999, 44.287, 30.763025]=Vector3f[0.0, 45.286995, 30.763025]
Vector3f[0.0, 45.286995, 30.763025]=Vector3f[2.0, 43.287, 30.763025]
Vector3f[2.999999, 44.287, 30.763025]=Vector3f[2.0, 43.287, 30.763025]
Vector3f[2.0, 43.287, 30.763025]=Vector3f[2.999999, 19.937029, 30.763021]
Vector3f[2.999999, 19.937029, 30.763021]=Vector3f[2.999999, 44.287, 30.763025]
Vector3f[2.999999, 44.287, 22.036976]=Vector3f[2.999999, 44.287, 30.763025]
Vector3f[2.999999, 44.287, 30.763025]=Vector3f[2.999999, 19.937029, 30.763021]
Vector3f[2.999999, 19.937029, 30.763021]=Vector3f[2.999999, 44.287, 22.036976]
Vector3f[2.999999, 44.287, 22.036976]=Vector3f[2.999999, 19.937029, 30.763021]
Vector3f[2.999999, 19.937029, 30.763021]=Vector3f[2.999999, 30.429832, 22.036976]
Vector3f[2.999999, 30.429832, 22.036976]=Vector3f[2.999999, 44.287, 22.036976]
Vector3f[2.999999, 30.429832, 22.036976]=Vector3f[2.0, 43.287, 22.036976]
Vector3f[2.0, 43.287, 22.036976]=Vector3f[2.999999, 44.287, 22.036976]
Vector3f[2.999999, 44.287, 22.036976]=Vector3f[2.999999, 30.429832, 22.036976]
Vector3f[2.999999, 30.429832, 22.036976]=Vector3f[2.0, 29.525415, 22.036976]
Vector3f[2.0, 29.525415, 22.036976]=Vector3f[2.0, 43.287, 22.036976]
Vector3f[2.0, 43.287, 22.036976]=Vector3f[2.999999, 30.429832, 22.036976]
Vector3f[2.0, 29.525415, 22.036976]=Vector3f[2.0, 43.287, 30.763025]
Vector3f[2.0, 43.287, 30.763025]=Vector3f[2.0, 43.287, 22.036976]
Vector3f[2.0, 43.287, 22.036976]=Vector3f[2.0, 29.525415, 22.036976]
Vector3f[2.0, 29.525415, 22.036976]=Vector3f[2.0, 19.93703, 30.763021]
Vector3f[2.0, 19.93703, 30.763021]=Vector3f[2.0, 43.287, 30.763025]
Vector3f[2.0, 43.287, 30.763025]=Vector3f[2.0, 29.525415, 22.036976]
Vector3f[2.999999, 9.444229, 22.036976]=Vector3f[2.0, 29.525415, 22.036976]
Vector3f[2.0, 29.525415, 22.036976]=Vector3f[2.999999, 30.429832, 22.036976]
Vector3f[2.999999, 30.429832, 22.036976]=Vector3f[2.999999, 9.444229, 22.036976]
Vector3f[2.999999, 9.444229, 22.036976]=Vector3f[2.999999, 30.429832, 22.036976]
Vector3f[2.999999, 30.429832, 22.036976]=Vector3f[2.999999, 19.937029, 30.763021]
Vector3f[2.999999, 19.937029, 30.763021]=Vector3f[2.999999, 9.444229, 22.036976]
Vector3f[2.999999, 19.937029, 30.763021]=Vector3f[2.0, 43.287, 30.763025]
Vector3f[2.0, 43.287, 30.763025]=Vector3f[2.0, 19.93703, 30.763021]
Vector3f[2.0, 19.93703, 30.763021]=Vector3f[2.999999, 19.937029, 30.763021]
Vector3f[2.0, 43.287, 22.036976]=Vector3f[2.0, 43.287, 30.763025]
Vector3f[2.0, 43.287, 30.763025]=Vector3f[1.511493, 43.287, 30.763025]
Vector3f[1.511493, 43.287, 30.763025]=Vector3f[2.0, 43.287, 22.036976]
Vector3f[2.0, 43.287, 22.036976]=Vector3f[1.511493, 43.287, 30.763025]
Vector3f[1.511493, 43.287, 30.763025]=Vector3f[1.712093, 43.287, 22.036976]
Vector3f[1.712093, 43.287, 22.036976]=Vector3f[2.0, 43.287, 22.036976]
Vector3f[0.999998, 43.287, 22.036976]=Vector3f[2.0, 43.287, 22.036976]
Vector3f[2.0, 43.287, 22.036976]=Vector3f[1.712093, 43.287, 22.036976]
Vector3f[1.712093, 43.287, 22.036976]=Vector3f[0.999998, 43.287, 22.036976]
Vector3f[0.999998, 43.287, 22.036976]=Vector3f[1.712093, 43.287, 22.036976]
Vector3f[1.712093, 43.287, 22.036976]=Vector3f[1.410637, 43.287, 22.036976]
Vector3f[1.410637, 43.287, 22.036976]=Vector3f[0.999998, 43.287, 22.036976]
Vector3f[0.999998, 43.287, 22.036976]=Vector3f[1.410637, 43.287, 22.036976]
Vector3f[1.410637, 43.287, 22.036976]=Vector3f[0.999998, 43.287, 30.763025]
Vector3f[0.999998, 43.287, 30.763025]=Vector3f[0.999998, 43.287, 22.036976]
Vector3f[1.712093, 43.287, 22.036976]=Vector3f[0.999998, 43.287, 30.763025]
Vector3f[0.999998, 43.287, 30.763025]=Vector3f[1.410637, 43.287, 22.036976]
Vector3f[1.410637, 43.287, 22.036976]=Vector3f[1.712093, 43.287, 22.036976]
Vector3f[2.0, 43.287, 22.036976]=Vector3f[0.999998, 43.287, 22.036976]
Vector3f[0.999998, 43.287, 22.036976]=Vector3f[0.0, 45.286995, 22.036974]
Vector3f[0.0, 45.286995, 22.036974]=Vector3f[2.0, 43.287, 22.036976]
Vector3f[1.712093, 43.287, 22.036976]=Vector3f[1.511493, 43.287, 30.763025]
Vector3f[1.511493, 43.287, 30.763025]=Vector3f[0.999998, 43.287, 30.763025]
Vector3f[0.999998, 43.287, 30.763025]=Vector3f[1.712093, 43.287, 22.036976]
Vector3f[0.999998, 43.287, 22.036976]=Vector3f[0.999998, 43.287, 30.763025]
Vector3f[0.999998, 43.287, 30.763025]=Vector3f[0.999998, 19.937033, 30.763021]
Vector3f[0.999998, 19.937033, 30.763021]=Vector3f[0.999998, 43.287, 22.036976]
Vector3f[0.999998, 43.287, 22.036976]=Vector3f[0.999998, 19.937033, 30.763021]
Vector3f[0.999998, 19.937033, 30.763021]=Vector3f[0.999998, 29.094479, 22.036974]
Vector3f[0.999998, 29.094479, 22.036974]=Vector3f[0.999998, 43.287, 22.036976]
Vector3f[0.0, -4.412937, 22.036976]=Vector3f[0.999998, -3.412937, 22.036976]
Vector3f[0.999998, -3.412937, 22.036976]=Vector3f[1.292748, -4.412937, 22.036976]
Vector3f[1.292748, -4.412937, 22.036976]=Vector3f[0.0, -4.412937, 22.036976]
Vector3f[1.603448, -4.412937, 30.763016]=Vector3f[0.999998, -3.412937, 30.763016]
Vector3f[0.999998, -3.412937, 30.763016]=Vector3f[0.0, -4.412937, 30.763016]
Vector3f[0.0, -4.412937, 30.763016]=Vector3f[1.603448, -4.412937, 30.763016]
Vector3f[2.999999, -4.412937, 30.763016]=Vector3f[0.999998, -3.412937, 30.763016]
Vector3f[0.999998, -3.412937, 30.763016]=Vector3f[1.603448, -4.412937, 30.763016]
Vector3f[1.603448, -4.412937, 30.763016]=Vector3f[2.999999, -4.412937, 30.763016]
Vector3f[2.999999, 9.444229, 22.036976]=Vector3f[2.999999, 19.937029, 30.763021]
Vector3f[2.999999, 19.937029, 30.763021]=Vector3f[2.999999, -4.412937, 30.763016]
Vector3f[2.999999, -4.412937, 30.763016]=Vector3f[2.999999, 9.444229, 22.036976]
Vector3f[2.999999, 19.937029, 30.763021]=Vector3f[2.0, -3.412937, 30.763016]
Vector3f[2.0, -3.412937, 30.763016]=Vector3f[2.999999, -4.412937, 30.763016]
Vector3f[2.999999, -4.412937, 30.763016]=Vector3f[2.999999, 19.937029, 30.763021]
Vector3f[2.999999, -4.412937, 30.763016]=Vector3f[2.0, -3.412937, 30.763016]
Vector3f[2.0, -3.412937, 30.763016]=Vector3f[1.511493, -3.412937, 30.763016]
Vector3f[1.511493, -3.412937, 30.763016]=Vector3f[2.999999, -4.412937, 30.763016]
Vector3f[2.999999, 9.444229, 22.036976]=Vector3f[2.0, 10.348648, 22.036976]
Vector3f[2.0, 10.348648, 22.036976]=Vector3f[2.0, 29.525415, 22.036976]
Vector3f[2.0, 29.525415, 22.036976]=Vector3f[2.999999, 9.444229, 22.036976]
Vector3f[2.0, 29.525415, 22.036976]=Vector3f[2.0, 10.348648, 22.036976]
Vector3f[2.0, 10.348648, 22.036976]=Vector3f[2.0, 19.93703, 30.763021]
Vector3f[2.0, 19.93703, 30.763021]=Vector3f[2.0, 29.525415, 22.036976]
Vector3f[2.0, -3.412937, 30.763016]=Vector3f[2.999999, 19.937029, 30.763021]
Vector3f[2.999999, 19.937029, 30.763021]=Vector3f[2.0, 19.93703, 30.763021]
Vector3f[2.0, 19.93703, 30.763021]=Vector3f[2.0, -3.412937, 30.763016]
Vector3f[2.999999, -4.412937, 22.036976]=Vector3f[1.607817, -3.412937, 22.036976]
Vector3f[1.607817, -3.412937, 22.036976]=Vector3f[2.0, -3.412937, 22.036976]
Vector3f[2.0, -3.412937, 22.036976]=Vector3f[2.999999, -4.412937, 22.036976]
Vector3f[2.205244, -4.412937, 22.036976]=Vector3f[1.607817, -3.412937, 22.036976]
Vector3f[1.607817, -3.412937, 22.036976]=Vector3f[2.999999, -4.412937, 22.036976]
Vector3f[2.999999, -4.412937, 22.036976]=Vector3f[2.205244, -4.412937, 22.036976]
Vector3f[1.292748, -4.412937, 22.036976]=Vector3f[0.999998, -3.412937, 22.036976]
Vector3f[0.999998, -3.412937, 22.036976]=Vector3f[2.205244, -4.412937, 22.036976]
Vector3f[2.205244, -4.412937, 22.036976]=Vector3f[1.292748, -4.412937, 22.036976]
Vector3f[1.310894, -3.412937, 22.036976]=Vector3f[1.511493, -3.412937, 30.763016]
Vector3f[1.511493, -3.412937, 30.763016]=Vector3f[2.0, -3.412937, 30.763016]
Vector3f[2.0, -3.412937, 30.763016]=Vector3f[1.310894, -3.412937, 22.036976]
Vector3f[0.999998, -3.412937, 30.763016]=Vector3f[2.999999, -4.412937, 30.763016]
Vector3f[2.999999, -4.412937, 30.763016]=Vector3f[1.511493, -3.412937, 30.763016]
Vector3f[1.511493, -3.412937, 30.763016]=Vector3f[0.999998, -3.412937, 30.763016]
Vector3f[0.999998, 29.094479, 22.036974]=Vector3f[0.999998, 19.937033, 30.763021]
Vector3f[0.999998, 19.937033, 30.763021]=Vector3f[0.999998, -3.412937, 30.763016]
Vector3f[0.999998, -3.412937, 30.763016]=Vector3f[0.999998, 29.094479, 22.036974]
Vector3f[0.0, 26.633894, 22.036976]=Vector3f[0.999998, 43.287, 22.036976]
Vector3f[0.999998, 43.287, 22.036976]=Vector3f[0.999998, 29.094479, 22.036974]
Vector3f[0.999998, 29.094479, 22.036974]=Vector3f[0.0, 26.633894, 22.036976]
Vector3f[0.999998, -3.412937, 22.036976]=Vector3f[0.0, 11.110481, 22.036976]
Vector3f[0.0, 11.110481, 22.036976]=Vector3f[0.999998, 14.901947, 22.036976]
Vector3f[0.999998, 14.901947, 22.036976]=Vector3f[0.999998, -3.412937, 22.036976]
Vector3f[0.0, 11.110481, 22.036976]=Vector3f[0.0, 20.437029, 30.763021]
Vector3f[0.0, 20.437029, 30.763021]=Vector3f[0.0, 45.286995, 30.763025]
Vector3f[0.0, 45.286995, 30.763025]=Vector3f[0.0, 11.110481, 22.036976]
Vector3f[0.999998, 43.287, 22.036976]=Vector3f[0.0, 26.633894, 22.036976]
Vector3f[0.0, 26.633894, 22.036976]=Vector3f[0.0, 45.286995, 22.036974]
Vector3f[0.0, 45.286995, 22.036974]=Vector3f[0.999998, 43.287, 22.036976]
Vector3f[2.0, 43.287, 22.036976]=Vector3f[0.0, 45.286995, 22.036974]
Vector3f[0.0, 45.286995, 22.036974]=Vector3f[2.999999, 44.287, 22.036976]
Vector3f[2.999999, 44.287, 22.036976]=Vector3f[2.0, 43.287, 22.036976]
Vector3f[2.999999, 44.287, 22.036976]=Vector3f[6.662791, 44.287, 22.036976]
Vector3f[6.662791, 44.287, 22.036976]=Vector3f[2.999999, 44.287, 30.763025]
Vector3f[2.999999, 44.287, 30.763025]=Vector3f[2.999999, 44.287, 22.036976]
Vector3f[11.5, 44.287, 22.036976]=Vector3f[7.249999, 44.287, 30.763025]
Vector3f[7.249999, 44.287, 30.763025]=Vector3f[9.081395, 44.287, 22.036976]
Vector3f[9.081395, 44.287, 22.036976]=Vector3f[11.5, 44.287, 22.036976]
Vector3f[2.999999, 44.287, 30.763025]=Vector3f[6.146552, 45.286995, 30.763025]
Vector3f[6.146552, 45.286995, 30.763025]=Vector3f[0.0, 45.286995, 30.763025]
Vector3f[0.0, 45.286995, 30.763025]=Vector3f[2.999999, 44.287, 30.763025]
Vector3f[3.839662, 45.286995, 22.036974]=Vector3f[6.146552, 45.286995, 30.763025]
Vector3f[6.146552, 45.286995, 30.763025]=Vector3f[11.5, 45.286995, 30.763025]
Vector3f[11.5, 45.286995, 30.763025]=Vector3f[3.839662, 45.286995, 22.036974]
Vector3f[11.5, 45.286995, 30.763025]=Vector3f[7.249999, 44.287, 30.763025]
Vector3f[7.249999, 44.287, 30.763025]=Vector3f[11.5, 44.787, 30.763025]
Vector3f[11.5, 44.787, 30.763025]=Vector3f[11.5, 45.286995, 30.763025]
Vector3f[45.75, 44.287, 30.763025]=Vector3f[41.5, 44.787, 30.763025]
Vector3f[41.5, 44.787, 30.763025]=Vector3f[41.5, 44.287, 30.763025]
Vector3f[41.5, 44.287, 30.763025]=Vector3f[45.75, 44.287, 30.763025]
Vector3f[47.581394, 44.287, 22.036976]=Vector3f[45.75, 44.287, 30.763025]
Vector3f[45.75, 44.287, 30.763025]=Vector3f[41.5, 44.287, 30.763025]
Vector3f[41.5, 44.287, 30.763025]=Vector3f[47.581394, 44.287, 22.036976]
Vector3f[47.581394, 44.287, 22.036976]=Vector3f[41.5, 44.287, 30.763025]
Vector3f[41.5, 44.287, 30.763025]=Vector3f[45.162792, 44.287, 22.036976]
Vector3f[45.162792, 44.287, 22.036976]=Vector3f[47.581394, 44.287, 22.036976]
Vector3f[45.162792, 44.287, 22.036976]=Vector3f[44.54656, 45.286995, 22.036974]
Vector3f[44.54656, 45.286995, 22.036974]=Vector3f[47.581394, 44.287, 22.036976]
Vector3f[47.581394, 44.287, 22.036976]=Vector3f[45.162792, 44.287, 22.036976]
Vector3f[47.581394, 44.287, 22.036976]=Vector3f[44.54656, 45.286995, 22.036974]
Vector3f[44.54656, 45.286995, 22.036974]=Vector3f[48.044456, 45.286995, 22.036974]
Vector3f[48.044456, 45.286995, 22.036974]=Vector3f[47.581394, 44.287, 22.036976]
Vector3f[47.581394, 44.287, 22.036976]=Vector3f[48.044456, 45.286995, 22.036974]
Vector3f[48.044456, 45.286995, 22.036974]=Vector3f[50.0, 44.287, 22.036976]
Vector3f[50.0, 44.287, 22.036976]=Vector3f[47.581394, 44.287, 22.036976]
Vector3f[48.044456, 45.286995, 22.036974]=Vector3f[52.0, 43.287, 22.036976]
Vector3f[52.0, 43.287, 22.036976]=Vector3f[50.0, 44.287, 22.036976]
Vector3f[50.0, 44.287, 22.036976]=Vector3f[48.044456, 45.286995, 22.036974]
Vector3f[50.0, 44.287, 22.036976]=Vector3f[52.0, 43.287, 22.036976]
Vector3f[52.0, 43.287, 22.036976]=Vector3f[51.689106, 43.287, 22.036976]
Vector3f[51.689106, 43.287, 22.036976]=Vector3f[50.0, 44.287, 22.036976]
Vector3f[50.0, 44.287, 22.036976]=Vector3f[51.689106, 43.287, 22.036976]
Vector3f[51.689106, 43.287, 22.036976]=Vector3f[51.39218, 43.287, 22.036976]
Vector3f[51.39218, 43.287, 22.036976]=Vector3f[50.0, 44.287, 22.036976]
Vector3f[50.0, 44.287, 22.036976]=Vector3f[51.39218, 43.287, 22.036976]
Vector3f[51.39218, 43.287, 22.036976]=Vector3f[51.0, 43.287, 22.036976]
Vector3f[51.0, 43.287, 22.036976]=Vector3f[50.0, 44.287, 22.036976]
Vector3f[51.0, 29.525415, 22.036976]=Vector3f[50.0, 44.287, 22.036976]
Vector3f[50.0, 44.287, 22.036976]=Vector3f[51.0, 43.287, 22.036976]
Vector3f[51.0, 43.287, 22.036976]=Vector3f[51.0, 29.525415, 22.036976]
Vector3f[51.0, 43.287, 22.036976]=Vector3f[51.0, 19.93703, 30.763021]
Vector3f[51.0, 19.93703, 30.763021]=Vector3f[51.0, 29.525415, 22.036976]
Vector3f[51.0, 29.525415, 22.036976]=Vector3f[51.0, 43.287, 22.036976]
Vector3f[51.0, 29.525415, 22.036976]=Vector3f[51.0, 19.93703, 30.763021]
Vector3f[51.0, 19.93703, 30.763021]=Vector3f[51.0, -3.412937, 30.763016]
Vector3f[51.0, -3.412937, 30.763016]=Vector3f[51.0, 29.525415, 22.036976]
Vector3f[51.0, 29.525415, 22.036976]=Vector3f[51.0, -3.412937, 30.763016]
Vector3f[51.0, -3.412937, 30.763016]=Vector3f[51.0, 15.763823, 22.036976]
Vector3f[51.0, 15.763823, 22.036976]=Vector3f[51.0, 29.525415, 22.036976]
Vector3f[51.0, 15.763823, 22.036976]=Vector3f[50.0, 30.429832, 22.036976]
Vector3f[50.0, 30.429832, 22.036976]=Vector3f[51.0, 29.525415, 22.036976]
Vector3f[51.0, 29.525415, 22.036976]=Vector3f[51.0, 15.763823, 22.036976]
Vector3f[51.0, 15.763823, 22.036976]=Vector3f[50.0, 9.444233, 22.036976]
Vector3f[50.0, 9.444233, 22.036976]=Vector3f[50.0, 30.429832, 22.036976]
Vector3f[50.0, 30.429832, 22.036976]=Vector3f[51.0, 15.763823, 22.036976]
Vector3f[50.0, 30.429832, 22.036976]=Vector3f[50.0, 9.444233, 22.036976]
Vector3f[50.0, 9.444233, 22.036976]=Vector3f[50.0, 19.937033, 30.763021]
Vector3f[50.0, 19.937033, 30.763021]=Vector3f[50.0, 30.429832, 22.036976]
Vector3f[50.0, 30.429832, 22.036976]=Vector3f[50.0, 19.937033, 30.763021]
Vector3f[50.0, 19.937033, 30.763021]=Vector3f[50.0, 44.287, 30.763025]
Vector3f[50.0, 44.287, 30.763025]=Vector3f[50.0, 30.429832, 22.036976]
Vector3f[50.0, 30.429832, 22.036976]=Vector3f[50.0, 44.287, 30.763025]
Vector3f[50.0, 44.287, 30.763025]=Vector3f[50.0, 44.287, 22.036976]
Vector3f[50.0, 44.287, 22.036976]=Vector3f[50.0, 30.429832, 22.036976]
Vector3f[50.0, 44.287, 22.036976]=Vector3f[50.0, 44.287, 30.763025]
Vector3f[50.0, 44.287, 30.763025]=Vector3f[45.75, 44.287, 30.763025]
Vector3f[45.75, 44.287, 30.763025]=Vector3f[50.0, 44.287, 22.036976]
Vector3f[50.0, 44.287, 30.763025]=Vector3f[46.853447, 45.286995, 30.763025]
Vector3f[46.853447, 45.286995, 30.763025]=Vector3f[45.75, 44.287, 30.763025]
Vector3f[45.75, 44.287, 30.763025]=Vector3f[50.0, 44.287, 30.763025]
Vector3f[45.75, 44.287, 30.763025]=Vector3f[46.853447, 45.286995, 30.763025]
Vector3f[46.853447, 45.286995, 30.763025]=Vector3f[41.5, 45.286995, 30.763025]
Vector3f[41.5, 45.286995, 30.763025]=Vector3f[45.75, 44.287, 30.763025]
Vector3f[41.5, 45.286995, 22.036974]=Vector3f[41.5, 45.286995, 30.763025]
Vector3f[41.5, 45.286995, 30.763025]=Vector3f[46.853447, 45.286995, 30.763025]
Vector3f[46.853447, 45.286995, 30.763025]=Vector3f[41.5, 45.286995, 22.036974]
Vector3f[41.5, 45.286995, 22.036974]=Vector3f[46.853447, 45.286995, 30.763025]
Vector3f[46.853447, 45.286995, 30.763025]=Vector3f[44.54656, 45.286995, 22.036974]
Vector3f[44.54656, 45.286995, 22.036974]=Vector3f[41.5, 45.286995, 22.036974]
Vector3f[44.54656, 45.286995, 22.036974]=Vector3f[46.853447, 45.286995, 30.763025]
Vector3f[46.853447, 45.286995, 30.763025]=Vector3f[53.0, 45.286995, 30.763025]
Vector3f[53.0, 45.286995, 30.763025]=Vector3f[44.54656, 45.286995, 22.036974]
Vector3f[41.5, 45.002453, 22.036974]=Vector3f[41.5, 45.286995, 30.763025]
Vector3f[41.5, 45.286995, 30.763025]=Vector3f[41.5, 45.286995, 22.036974]
Vector3f[41.5, 45.286995, 22.036974]=Vector3f[41.5, 45.002453, 22.036974]
Vector3f[41.5, 45.286995, 22.036974]=Vector3f[41.5, 44.571537, 22.036976]
Vector3f[41.5, 44.571537, 22.036976]=Vector3f[41.5, 45.002453, 22.036974]
Vector3f[41.5, 45.002453, 22.036974]=Vector3f[41.5, 45.286995, 22.036974]
Vector3f[41.5, 45.002453, 22.036974]=Vector3f[41.5, 44.571537, 22.036976]
Vector3f[41.5, 44.571537, 22.036976]=Vector3f[41.5, 44.787, 30.763025]
Vector3f[41.5, 44.787, 30.763025]=Vector3f[41.5, 45.002453, 22.036974]
Vector3f[41.5, 44.287, 22.036976]=Vector3f[41.5, 44.787, 30.763025]
Vector3f[41.5, 44.787, 30.763025]=Vector3f[41.5, 44.571537, 22.036976]
Vector3f[41.5, 44.571537, 22.036976]=Vector3f[41.5, 44.287, 22.036976]
Vector3f[41.5, 44.287, 22.036976]=Vector3f[41.5, 44.571537, 22.036976]
Vector3f[41.5, 44.571537, 22.036976]=Vector3f[45.162792, 44.287, 22.036976]
Vector3f[45.162792, 44.287, 22.036976]=Vector3f[41.5, 44.287, 22.036976]
Vector3f[41.5, 44.571537, 22.036976]=Vector3f[41.5, 45.286995, 22.036974]
Vector3f[41.5, 45.286995, 22.036974]=Vector3f[45.162792, 44.287, 22.036976]
Vector3f[45.162792, 44.287, 22.036976]=Vector3f[41.5, 44.571537, 22.036976]
Vector3f[41.5, 45.002453, 22.036974]=Vector3f[41.5, 44.787, 30.763025]
Vector3f[41.5, 44.787, 30.763025]=Vector3f[41.5, 45.286995, 30.763025]
Vector3f[41.5, 45.286995, 30.763025]=Vector3f[41.5, 45.002453, 22.036974]
Vector3f[50.0, 44.287, 30.763025]=Vector3f[53.0, 45.286995, 30.763025]
Vector3f[53.0, 45.286995, 30.763025]=Vector3f[46.853447, 45.286995, 30.763025]
Vector3f[46.853447, 45.286995, 30.763025]=Vector3f[50.0, 44.287, 30.763025]
Vector3f[53.0, 45.286995, 30.763025]=Vector3f[50.0, 44.287, 30.763025]
Vector3f[50.0, 44.287, 30.763025]=Vector3f[51.0, 43.287, 30.763025]
Vector3f[51.0, 43.287, 30.763025]=Vector3f[53.0, 45.286995, 30.763025]
Vector3f[53.0, 45.286995, 30.763025]=Vector3f[51.0, 43.287, 30.763025]
Vector3f[51.0, 43.287, 30.763025]=Vector3f[51.488506, 43.287, 30.763025]
Vector3f[51.488506, 43.287, 30.763025]=Vector3f[53.0, 45.286995, 30.763025]
Vector3f[53.0, 45.286995, 30.763025]=Vector3f[51.488506, 43.287, 30.763025]
Vector3f[51.488506, 43.287, 30.763025]=Vector3f[52.0, 43.287, 30.763025]
Vector3f[52.0, 43.287, 30.763025]=Vector3f[53.0, 45.286995, 30.763025]
Vector3f[53.0, 45.286995, 30.763025]=Vector3f[52.0, 43.287, 30.763025]
Vector3f[52.0, 43.287, 30.763025]=Vector3f[53.0, 20.437033, 30.763021]
Vector3f[53.0, 20.437033, 30.763021]=Vector3f[53.0, 45.286995, 30.763025]
Vector3f[53.0, 45.286995, 22.036974]=Vector3f[53.0, 45.286995, 30.763025]
Vector3f[53.0, 45.286995, 30.763025]=Vector3f[53.0, 20.437033, 30.763021]
Vector3f[53.0, 20.437033, 30.763021]=Vector3f[53.0, 45.286995, 22.036974]
Vector3f[53.0, 45.286995, 22.036974]=Vector3f[53.0, 20.437033, 30.763021]
Vector3f[53.0, 20.437033, 30.763021]=Vector3f[53.0, 29.76358, 22.036976]
Vector3f[53.0, 29.76358, 22.036976]=Vector3f[53.0, 45.286995, 22.036974]
Vector3f[53.0, 29.76358, 22.036976]=Vector3f[52.0, 43.287, 22.036976]
Vector3f[52.0, 43.287, 22.036976]=Vector3f[53.0, 45.286995, 22.036974]
Vector3f[53.0, 45.286995, 22.036974]=Vector3f[53.0, 29.76358, 22.036976]
Vector3f[53.0, 29.76358, 22.036976]=Vector3f[52.0, 29.094479, 22.036974]
Vector3f[52.0, 29.094479, 22.036974]=Vector3f[52.0, 43.287, 22.036976]
Vector3f[52.0, 43.287, 22.036976]=Vector3f[53.0, 29.76358, 22.036976]
Vector3f[52.0, 29.094479, 22.036974]=Vector3f[52.0, 43.287, 30.763025]
Vector3f[52.0, 43.287, 30.763025]=Vector3f[52.0, 43.287, 22.036976]
Vector3f[52.0, 43.287, 22.036976]=Vector3f[52.0, 29.094479, 22.036974]
Vector3f[52.0, 29.094479, 22.036974]=Vector3f[52.0, 19.937033, 30.763021]
Vector3f[52.0, 19.937033, 30.763021]=Vector3f[52.0, 43.287, 30.763025]
Vector3f[52.0, 43.287, 30.763025]=Vector3f[52.0, 29.094479, 22.036974]
Vector3f[52.0, 29.094479, 22.036974]=Vector3f[52.0, 10.779587, 22.036976]
Vector3f[52.0, 10.779587, 22.036976]=Vector3f[52.0, 19.937033, 30.763021]
Vector3f[52.0, 19.937033, 30.763021]=Vector3f[52.0, 29.094479, 22.036974]
Vector3f[52.0, -3.412937, 22.036976]=Vector3f[52.0, 19.937033, 30.763021]
Vector3f[52.0, 19.937033, 30.763021]=Vector3f[52.0, 10.779587, 22.036976]
Vector3f[52.0, 10.779587, 22.036976]=Vector3f[52.0, -3.412937, 22.036976]
Vector3f[53.0, -4.412937, 22.036976]=Vector3f[52.0, -3.412937, 22.036976]
Vector3f[52.0, -3.412937, 22.036976]=Vector3f[52.0, 10.779587, 22.036976]
Vector3f[52.0, 10.779587, 22.036976]=Vector3f[53.0, -4.412937, 22.036976]
Vector3f[53.0, -4.412937, 22.036976]=Vector3f[52.0, 10.779587, 22.036976]
Vector3f[52.0, 10.779587, 22.036976]=Vector3f[53.0, 14.240152, 22.036976]
Vector3f[53.0, 14.240152, 22.036976]=Vector3f[53.0, -4.412937, 22.036976]
Vector3f[53.0, -4.412937, 22.036976]=Vector3f[53.0, 14.240152, 22.036976]
Vector3f[53.0, 14.240152, 22.036976]=Vector3f[53.0, -4.412937, 30.763016]
Vector3f[53.0, -4.412937, 30.763016]=Vector3f[53.0, -4.412937, 22.036976]
Vector3f[53.0, -4.412937, 22.036976]=Vector3f[53.0, -4.412937, 30.763016]
Vector3f[53.0, -4.412937, 30.763016]=Vector3f[51.39655, -4.412937, 30.763016]
Vector3f[51.39655, -4.412937, 30.763016]=Vector3f[53.0, -4.412937, 22.036976]
Vector3f[53.0, -4.412937, 22.036976]=Vector3f[51.39655, -4.412937, 30.763016]
Vector3f[51.39655, -4.412937, 30.763016]=Vector3f[51.998344, -4.412937, 22.036976]
Vector3f[51.998344, -4.412937, 22.036976]=Vector3f[53.0, -4.412937, 22.036976]
Vector3f[51.998344, -4.412937, 22.036976]=Vector3f[51.39655, -4.412937, 30.763016]
Vector3f[51.39655, -4.412937, 30.763016]=Vector3f[50.0, -4.412937, 30.763016]
Vector3f[50.0, -4.412937, 30.763016]=Vector3f[51.998344, -4.412937, 22.036976]
Vector3f[51.998344, -4.412937, 22.036976]=Vector3f[50.0, -4.412937, 30.763016]
Vector3f[50.0, -4.412937, 30.763016]=Vector3f[51.125942, -4.412937, 22.036976]
Vector3f[51.125942, -4.412937, 22.036976]=Vector3f[51.998344, -4.412937, 22.036976]
Vector3f[50.0, -4.412937, 22.036976]=Vector3f[51.998344, -4.412937, 22.036976]
Vector3f[51.998344, -4.412937, 22.036976]=Vector3f[51.125942, -4.412937, 22.036976]
Vector3f[51.125942, -4.412937, 22.036976]=Vector3f[50.0, -4.412937, 22.036976]
Vector3f[50.0, -4.412937, 22.036976]=Vector3f[51.0, -3.412937, 22.036976]
Vector3f[51.0, -3.412937, 22.036976]=Vector3f[51.998344, -4.412937, 22.036976]
Vector3f[51.998344, -4.412937, 22.036976]=Vector3f[50.0, -4.412937, 22.036976]
Vector3f[51.287907, -3.412937, 22.036976]=Vector3f[51.998344, -4.412937, 22.036976]
Vector3f[51.998344, -4.412937, 22.036976]=Vector3f[51.0, -3.412937, 22.036976]
Vector3f[51.0, -3.412937, 22.036976]=Vector3f[51.287907, -3.412937, 22.036976]
Vector3f[51.0, -3.412937, 22.036976]=Vector3f[51.488506, -3.412937, 30.763016]
Vector3f[51.488506, -3.412937, 30.763016]=Vector3f[51.287907, -3.412937, 22.036976]
Vector3f[51.287907, -3.412937, 22.036976]=Vector3f[51.0, -3.412937, 22.036976]
Vector3f[51.287907, -3.412937, 22.036976]=Vector3f[51.488506, -3.412937, 30.763016]
Vector3f[51.488506, -3.412937, 30.763016]=Vector3f[52.0, -3.412937, 30.763016]
Vector3f[52.0, -3.412937, 30.763016]=Vector3f[51.287907, -3.412937, 22.036976]
Vector3f[51.287907, -3.412937, 22.036976]=Vector3f[52.0, -3.412937, 30.763016]
Vector3f[52.0, -3.412937, 30.763016]=Vector3f[51.589363, -3.412937, 22.036976]
Vector3f[51.589363, -3.412937, 22.036976]=Vector3f[51.287907, -3.412937, 22.036976]
Vector3f[52.0, -3.412937, 22.036976]=Vector3f[51.589363, -3.412937, 22.036976]
Vector3f[51.589363, -3.412937, 22.036976]=Vector3f[52.0, -3.412937, 30.763016]
Vector3f[52.0, -3.412937, 30.763016]=Vector3f[52.0, -3.412937, 22.036976]
Vector3f[52.0, -3.412937, 22.036976]=Vector3f[51.998344, -4.412937, 22.036976]
Vector3f[51.998344, -4.412937, 22.036976]=Vector3f[51.589363, -3.412937, 22.036976]
Vector3f[51.589363, -3.412937, 22.036976]=Vector3f[52.0, -3.412937, 22.036976]
Vector3f[51.488506, -3.412937, 30.763016]=Vector3f[53.0, -4.412937, 30.763016]
Vector3f[53.0, -4.412937, 30.763016]=Vector3f[52.0, -3.412937, 30.763016]
Vector3f[52.0, -3.412937, 30.763016]=Vector3f[51.488506, -3.412937, 30.763016]
Vector3f[53.0, -4.412937, 30.763016]=Vector3f[52.0, 19.937033, 30.763021]
Vector3f[52.0, 19.937033, 30.763021]=Vector3f[52.0, -3.412937, 30.763016]
Vector3f[52.0, -3.412937, 30.763016]=Vector3f[53.0, -4.412937, 30.763016]
Vector3f[53.0, 20.437033, 30.763021]=Vector3f[52.0, 19.937033, 30.763021]
Vector3f[52.0, 19.937033, 30.763021]=Vector3f[53.0, -4.412937, 30.763016]
Vector3f[53.0, -4.412937, 30.763016]=Vector3f[53.0, 20.437033, 30.763021]
Vector3f[51.0, -3.412937, 30.763016]=Vector3f[53.0, -4.412937, 30.763016]
Vector3f[53.0, -4.412937, 30.763016]=Vector3f[51.488506, -3.412937, 30.763016]
Vector3f[51.488506, -3.412937, 30.763016]=Vector3f[51.0, -3.412937, 30.763016]
Vector3f[51.0, -3.412937, 22.036976]=Vector3f[51.0, -3.412937, 30.763016]
Vector3f[51.0, -3.412937, 30.763016]=Vector3f[51.488506, -3.412937, 30.763016]
Vector3f[51.488506, -3.412937, 30.763016]=Vector3f[51.0, -3.412937, 22.036976]
Vector3f[51.589363, -3.412937, 22.036976]=Vector3f[51.998344, -4.412937, 22.036976]
Vector3f[51.998344, -4.412937, 22.036976]=Vector3f[51.287907, -3.412937, 22.036976]
Vector3f[51.287907, -3.412937, 22.036976]=Vector3f[51.589363, -3.412937, 22.036976]
Vector3f[51.0, -3.412937, 22.036976]=Vector3f[50.0, -4.412937, 22.036976]
Vector3f[50.0, -4.412937, 22.036976]=Vector3f[50.0, 9.444233, 22.036976]
Vector3f[50.0, 9.444233, 22.036976]=Vector3f[51.0, -3.412937, 22.036976]
Vector3f[50.0, -4.412937, 22.036976]=Vector3f[51.125942, -4.412937, 22.036976]
Vector3f[51.125942, -4.412937, 22.036976]=Vector3f[50.0, -4.412937, 30.763016]
Vector3f[50.0, -4.412937, 30.763016]=Vector3f[50.0, -4.412937, 22.036976]
Vector3f[50.0, -4.412937, 22.036976]=Vector3f[50.0, -4.412937, 30.763016]
Vector3f[50.0, -4.412937, 30.763016]=Vector3f[50.0, 19.937033, 30.763021]
Vector3f[50.0, 19.937033, 30.763021]=Vector3f[50.0, -4.412937, 22.036976]
Vector3f[51.0, -3.412937, 30.763016]=Vector3f[50.0, 19.937033, 30.763021]
Vector3f[50.0, 19.937033, 30.763021]=Vector3f[50.0, -4.412937, 30.763016]
Vector3f[50.0, -4.412937, 30.763016]=Vector3f[51.0, -3.412937, 30.763016]
Vector3f[51.39655, -4.412937, 30.763016]=Vector3f[51.0, -3.412937, 30.763016]
Vector3f[51.0, -3.412937, 30.763016]=Vector3f[50.0, -4.412937, 30.763016]
Vector3f[50.0, -4.412937, 30.763016]=Vector3f[51.39655, -4.412937, 30.763016]
Vector3f[53.0, -4.412937, 30.763016]=Vector3f[51.0, -3.412937, 30.763016]
Vector3f[51.0, -3.412937, 30.763016]=Vector3f[51.39655, -4.412937, 30.763016]
Vector3f[51.39655, -4.412937, 30.763016]=Vector3f[53.0, -4.412937, 30.763016]
Vector3f[53.0, 29.76358, 22.036976]=Vector3f[53.0, -4.412937, 30.763016]
Vector3f[53.0, -4.412937, 30.763016]=Vector3f[53.0, 14.240152, 22.036976]
Vector3f[53.0, 14.240152, 22.036976]=Vector3f[53.0, 29.76358, 22.036976]
Vector3f[51.998344, -4.412937, 22.036976]=Vector3f[52.0, -3.412937, 22.036976]
Vector3f[52.0, -3.412937, 22.036976]=Vector3f[53.0, -4.412937, 22.036976]
Vector3f[53.0, -4.412937, 22.036976]=Vector3f[51.998344, -4.412937, 22.036976]
Vector3f[52.0, -3.412937, 22.036976]=Vector3f[52.0, -3.412937, 30.763016]
Vector3f[52.0, -3.412937, 30.763016]=Vector3f[52.0, 19.937033, 30.763021]
Vector3f[52.0, 19.937033, 30.763021]=Vector3f[52.0, -3.412937, 22.036976]
Vector3f[53.0, 14.240152, 22.036976]=Vector3f[52.0, 10.779587, 22.036976]
Vector3f[52.0, 10.779587, 22.036976]=Vector3f[52.0, 29.094479, 22.036974]
Vector3f[52.0, 29.094479, 22.036974]=Vector3f[53.0, 14.240152, 22.036976]
Vector3f[53.0, 14.240152, 22.036976]=Vector3f[52.0, 29.094479, 22.036974]
Vector3f[52.0, 29.094479, 22.036974]=Vector3f[53.0, 29.76358, 22.036976]
Vector3f[53.0, 29.76358, 22.036976]=Vector3f[53.0, 14.240152, 22.036976]
Vector3f[53.0, 29.76358, 22.036976]=Vector3f[53.0, 20.437033, 30.763021]
Vector3f[53.0, 20.437033, 30.763021]=Vector3f[53.0, -4.412937, 30.763016]
Vector3f[53.0, -4.412937, 30.763016]=Vector3f[53.0, 29.76358, 22.036976]
Vector3f[53.0, 45.286995, 22.036974]=Vector3f[48.044456, 45.286995, 22.036974]
Vector3f[48.044456, 45.286995, 22.036974]=Vector3f[53.0, 45.286995, 30.763025]
Vector3f[53.0, 45.286995, 30.763025]=Vector3f[53.0, 45.286995, 22.036974]
Vector3f[53.0, 20.437033, 30.763021]=Vector3f[52.0, 43.287, 30.763025]
Vector3f[52.0, 43.287, 30.763025]=Vector3f[52.0, 19.937033, 30.763021]
Vector3f[52.0, 19.937033, 30.763021]=Vector3f[53.0, 20.437033, 30.763021]
Vector3f[52.0, 43.287, 22.036976]=Vector3f[52.0, 43.287, 30.763025]
Vector3f[52.0, 43.287, 30.763025]=Vector3f[51.488506, 43.287, 30.763025]
Vector3f[51.488506, 43.287, 30.763025]=Vector3f[52.0, 43.287, 22.036976]
Vector3f[51.689106, 43.287, 22.036976]=Vector3f[51.488506, 43.287, 30.763025]
Vector3f[51.488506, 43.287, 30.763025]=Vector3f[51.0, 43.287, 30.763025]
Vector3f[51.0, 43.287, 30.763025]=Vector3f[51.689106, 43.287, 22.036976]
Vector3f[51.0, 43.287, 30.763025]=Vector3f[50.0, 44.287, 30.763025]
Vector3f[50.0, 44.287, 30.763025]=Vector3f[51.0, 19.93703, 30.763021]
Vector3f[51.0, 19.93703, 30.763021]=Vector3f[51.0, 43.287, 30.763025]
Vector3f[51.0, 19.93703, 30.763021]=Vector3f[50.0, 44.287, 30.763025]
Vector3f[50.0, 44.287, 30.763025]=Vector3f[50.0, 19.937033, 30.763021]
Vector3f[50.0, 19.937033, 30.763021]=Vector3f[51.0, 19.93703, 30.763021]
Vector3f[50.0, -4.412937, 22.036976]=Vector3f[50.0, 19.937033, 30.763021]
Vector3f[50.0, 19.937033, 30.763021]=Vector3f[50.0, 9.444233, 22.036976]
Vector3f[50.0, 9.444233, 22.036976]=Vector3f[50.0, -4.412937, 22.036976]
Vector3f[51.0, -3.412937, 22.036976]=Vector3f[50.0, 9.444233, 22.036976]
Vector3f[50.0, 9.444233, 22.036976]=Vector3f[51.0, 15.763823, 22.036976]
Vector3f[51.0, 15.763823, 22.036976]=Vector3f[51.0, -3.412937, 22.036976]
Vector3f[51.0, -3.412937, 22.036976]=Vector3f[51.0, 15.763823, 22.036976]
Vector3f[51.0, 15.763823, 22.036976]=Vector3f[51.0, -3.412937, 30.763016]
Vector3f[51.0, -3.412937, 30.763016]=Vector3f[51.0, -3.412937, 22.036976]
Vector3f[51.0, 19.93703, 30.763021]=Vector3f[50.0, 19.937033, 30.763021]
Vector3f[50.0, 19.937033, 30.763021]=Vector3f[51.0, -3.412937, 30.763016]
Vector3f[51.0, -3.412937, 30.763016]=Vector3f[51.0, 19.93703, 30.763021]
Vector3f[51.0, 43.287, 22.036976]=Vector3f[51.0, 43.287, 30.763025]
Vector3f[51.0, 43.287, 30.763025]=Vector3f[51.0, 19.93703, 30.763021]
Vector3f[51.0, 19.93703, 30.763021]=Vector3f[51.0, 43.287, 22.036976]
Vector3f[51.0, 29.525415, 22.036976]=Vector3f[50.0, 30.429832, 22.036976]
Vector3f[50.0, 30.429832, 22.036976]=Vector3f[50.0, 44.287, 22.036976]
Vector3f[50.0, 44.287, 22.036976]=Vector3f[51.0, 29.525415, 22.036976]
Vector3f[51.0, 43.287, 22.036976]=Vector3f[51.39218, 43.287, 22.036976]
Vector3f[51.39218, 43.287, 22.036976]=Vector3f[51.0, 43.287, 30.763025]
Vector3f[51.0, 43.287, 30.763025]=Vector3f[51.0, 43.287, 22.036976]
Vector3f[51.689106, 43.287, 22.036976]=Vector3f[51.0, 43.287, 30.763025]
Vector3f[51.0, 43.287, 30.763025]=Vector3f[51.39218, 43.287, 22.036976]
Vector3f[51.39218, 43.287, 22.036976]=Vector3f[51.689106, 43.287, 22.036976]
Vector3f[52.0, 43.287, 22.036976]=Vector3f[51.488506, 43.287, 30.763025]
Vector3f[51.488506, 43.287, 30.763025]=Vector3f[51.689106, 43.287, 22.036976]
Vector3f[51.689106, 43.287, 22.036976]=Vector3f[52.0, 43.287, 22.036976]
Vector3f[52.0, 43.287, 22.036976]=Vector3f[48.044456, 45.286995, 22.036974]
Vector3f[48.044456, 45.286995, 22.036974]=Vector3f[53.0, 45.286995, 22.036974]
Vector3f[53.0, 45.286995, 22.036974]=Vector3f[52.0, 43.287, 22.036976]
Vector3f[44.54656, 45.286995, 22.036974]=Vector3f[53.0, 45.286995, 30.763025]
Vector3f[53.0, 45.286995, 30.763025]=Vector3f[48.044456, 45.286995, 22.036974]
Vector3f[48.044456, 45.286995, 22.036974]=Vector3f[44.54656, 45.286995, 22.036974]
Vector3f[45.162792, 44.287, 22.036976]=Vector3f[41.5, 45.286995, 22.036974]
Vector3f[41.5, 45.286995, 22.036974]=Vector3f[44.54656, 45.286995, 22.036974]
Vector3f[44.54656, 45.286995, 22.036974]=Vector3f[45.162792, 44.287, 22.036976]
Vector3f[41.5, 44.287, 22.036976]=Vector3f[45.162792, 44.287, 22.036976]
Vector3f[45.162792, 44.287, 22.036976]=Vector3f[41.5, 44.287, 30.763025]
Vector3f[41.5, 44.287, 30.763025]=Vector3f[41.5, 44.287, 22.036976]
Vector3f[50.0, 44.287, 22.036976]=Vector3f[45.75, 44.287, 30.763025]
Vector3f[45.75, 44.287, 30.763025]=Vector3f[47.581394, 44.287, 22.036976]
Vector3f[47.581394, 44.287, 22.036976]=Vector3f[50.0, 44.287, 22.036976]
Vector3f[41.5, 44.287, 22.036976]=Vector3f[41.5, 44.287, 30.763025]
Vector3f[41.5, 44.287, 30.763025]=Vector3f[41.5, 44.787, 30.763025]
Vector3f[41.5, 44.787, 30.763025]=Vector3f[41.5, 44.287, 22.036976]
Vector3f[41.5, 44.787, 30.763025]=Vector3f[45.75, 44.287, 30.763025]
Vector3f[45.75, 44.287, 30.763025]=Vector3f[41.5, 45.286995, 30.763025]
Vector3f[41.5, 45.286995, 30.763025]=Vector3f[41.5, 44.787, 30.763025]
Vector3f[1.077432, -7.413086, 22.036976]=Vector3f[2.1436, -5.413094, 22.036976]
Vector3f[2.1436, -5.413094, 22.036976]=Vector3f[2.1436, -5.723988, 22.036976]
Vector3f[2.1436, -5.723988, 22.036976]=Vector3f[1.077432, -7.413086, 22.036976]
Vector3f[1.077432, -7.413086, 22.036976]=Vector3f[2.1436, -5.723988, 22.036976]
Vector3f[2.1436, -5.723988, 22.036976]=Vector3f[2.1436, -6.020912, 22.036976]
Vector3f[2.1436, -6.020912, 22.036976]=Vector3f[1.077432, -7.413086, 22.036976]
Vector3f[1.077432, -7.413086, 22.036976]=Vector3f[2.1436, -6.020912, 22.036976]
Vector3f[2.1436, -6.020912, 22.036976]=Vector3f[2.1436, -6.413086, 22.036976]
Vector3f[2.1436, -6.413086, 22.036976]=Vector3f[1.077432, -7.413086, 22.036976]
Vector3f[16.815788, -6.413086, 22.036976]=Vector3f[1.077432, -7.413086, 22.036976]
Vector3f[1.077432, -7.413086, 22.036976]=Vector3f[2.1436, -6.413086, 22.036976]
Vector3f[2.1436, -6.413086, 22.036976]=Vector3f[16.815788, -6.413086, 22.036976]
Vector3f[2.1436, -6.413086, 22.036976]=Vector3f[27.038635, -6.413086, 30.763021]
Vector3f[27.038635, -6.413086, 30.763021]=Vector3f[16.815788, -6.413086, 22.036976]
Vector3f[16.815788, -6.413086, 22.036976]=Vector3f[2.1436, -6.413086, 22.036976]
Vector3f[16.815788, -6.413086, 22.036976]=Vector3f[27.038635, -6.413086, 30.763021]
Vector3f[27.038635, -6.413086, 30.763021]=Vector3f[51.933674, -6.413086, 30.763016]
Vector3f[51.933674, -6.413086, 30.763016]=Vector3f[16.815788, -6.413086, 22.036976]
Vector3f[16.815788, -6.413086, 22.036976]=Vector3f[51.933674, -6.413086, 30.763016]
Vector3f[51.933674, -6.413086, 30.763016]=Vector3f[31.487984, -6.413082, 22.036976]
Vector3f[31.487984, -6.413082, 22.036976]=Vector3f[16.815788, -6.413086, 22.036976]
Vector3f[31.487984, -6.413082, 22.036976]=Vector3f[15.851524, -7.413086, 22.036976]
Vector3f[15.851524, -7.413086, 22.036976]=Vector3f[16.815788, -6.413086, 22.036976]
Vector3f[16.815788, -6.413086, 22.036976]=Vector3f[31.487984, -6.413082, 22.036976]
Vector3f[31.487984, -6.413082, 22.036976]=Vector3f[38.225742, -7.413082, 22.036976]
Vector3f[38.225742, -7.413082, 22.036976]=Vector3f[15.851524, -7.413086, 22.036976]
Vector3f[15.851524, -7.413086, 22.036976]=Vector3f[31.487984, -6.413082, 22.036976]
Vector3f[15.851524, -7.413086, 22.036976]=Vector3f[38.225742, -7.413082, 22.036976]
Vector3f[38.225742, -7.413082, 22.036976]=Vector3f[27.038633, -7.413086, 30.763021]
Vector3f[27.038633, -7.413086, 30.763021]=Vector3f[15.851524, -7.413086, 22.036976]
Vector3f[15.851524, -7.413086, 22.036976]=Vector3f[27.038633, -7.413086, 30.763021]
Vector3f[27.038633, -7.413086, 30.763021]=Vector3f[1.077433, -7.41309, 30.763027]
Vector3f[1.077433, -7.41309, 30.763027]=Vector3f[15.851524, -7.413086, 22.036976]
Vector3f[15.851524, -7.413086, 22.036976]=Vector3f[1.077433, -7.41309, 30.763027]
Vector3f[1.077433, -7.41309, 30.763027]=Vector3f[1.077432, -7.413086, 22.036976]
Vector3f[1.077432, -7.413086, 22.036976]=Vector3f[15.851524, -7.413086, 22.036976]
Vector3f[1.077432, -7.513008, 22.24213]=Vector3f[1.077432, -7.413086, 22.036976]
Vector3f[1.077432, -7.413086, 22.036976]=Vector3f[1.077433, -7.41309, 30.763027]
Vector3f[1.077433, -7.41309, 30.763027]=Vector3f[1.077432, -7.513008, 22.24213]
Vector3f[1.077432, -7.513008, 22.24213]=Vector3f[1.077433, -7.41309, 30.763027]
Vector3f[1.077433, -7.41309, 30.763027]=Vector3f[1.077433, -7.513012, 30.763025]
Vector3f[1.077433, -7.513012, 30.763025]=Vector3f[1.077432, -7.513008, 22.24213]
Vector3f[1.043576, -7.513012, 30.763025]=Vector3f[1.077432, -7.513008, 22.24213]
Vector3f[1.077432, -7.513008, 22.24213]=Vector3f[1.077433, -7.513012, 30.763025]
Vector3f[1.077433, -7.513012, 30.763025]=Vector3f[1.043576, -7.513012, 30.763025]
Vector3f[1.077432, -7.513008, 22.24213]=Vector3f[1.043576, -7.513012, 30.763025]
Vector3f[1.043576, -7.513012, 30.763025]=Vector3f[0.011264, -7.513012, 30.763025]
Vector3f[0.011264, -7.513012, 30.763025]=Vector3f[1.077432, -7.513008, 22.24213]
Vector3f[1.077432, -7.513008, 22.24213]=Vector3f[0.011264, -7.513012, 30.763025]
Vector3f[0.011264, -7.513012, 30.763025]=Vector3f[0.011264, -7.513012, 27.563139]
Vector3f[0.011264, -7.513012, 27.563139]=Vector3f[1.077432, -7.513008, 22.24213]
Vector3f[1.077432, -7.513008, 22.24213]=Vector3f[0.011264, -7.513012, 27.563139]
Vector3f[0.011264, -7.513012, 27.563139]=Vector3f[0.011264, -7.513012, 25.30448]
Vector3f[0.011264, -7.513012, 25.30448]=Vector3f[1.077432, -7.513008, 22.24213]
Vector3f[0.011263, -7.513008, 22.036974]=Vector3f[1.077432, -7.513008, 22.24213]
Vector3f[1.077432, -7.513008, 22.24213]=Vector3f[0.011264, -7.513012, 25.30448]
Vector3f[0.011264, -7.513012, 25.30448]=Vector3f[0.011263, -7.513008, 22.036974]
Vector3f[0.011264, -7.513012, 25.30448]=Vector3f[0.011263, -4.413097, 22.036976]
Vector3f[0.011263, -4.413097, 22.036976]=Vector3f[0.011263, -7.513008, 22.036974]
Vector3f[0.011263, -7.513008, 22.036974]=Vector3f[0.011264, -7.513012, 25.30448]
Vector3f[0.011263, -7.513008, 22.036974]=Vector3f[0.011263, -4.413097, 22.036976]
Vector3f[0.011263, -4.413097, 22.036976]=Vector3f[2.1436, -5.413094, 22.036976]
Vector3f[2.1436, -5.413094, 22.036976]=Vector3f[0.011263, -7.513008, 22.036974]
Vector3f[0.011263, -7.513008, 22.036974]=Vector3f[2.1436, -5.413094, 22.036976]
Vector3f[2.1436, -5.413094, 22.036976]=Vector3f[1.011585, -7.513008, 22.036974]
Vector3f[1.011585, -7.513008, 22.036974]=Vector3f[0.011263, -7.513008, 22.036974]
Vector3f[1.022955, -7.513008, 22.036976]=Vector3f[0.011263, -7.513008, 22.036974]
Vector3f[0.011263, -7.513008, 22.036974]=Vector3f[1.011585, -7.513008, 22.036974]
Vector3f[1.011585, -7.513008, 22.036974]=Vector3f[1.022955, -7.513008, 22.036976]
Vector3f[1.011585, -7.513008, 22.036974]=Vector3f[1.077432, -7.413086, 22.036976]
Vector3f[1.077432, -7.413086, 22.036976]=Vector3f[1.022955, -7.513008, 22.036976]
Vector3f[1.022955, -7.513008, 22.036976]=Vector3f[1.011585, -7.513008, 22.036974]
Vector3f[1.077432, -7.513008, 22.036976]=Vector3f[1.022955, -7.513008, 22.036976]
Vector3f[1.022955, -7.513008, 22.036976]=Vector3f[1.077432, -7.413086, 22.036976]
Vector3f[1.077432, -7.413086, 22.036976]=Vector3f[1.077432, -7.513008, 22.036976]
Vector3f[1.077432, -7.513008, 22.24213]=Vector3f[1.022955, -7.513008, 22.036976]
Vector3f[1.022955, -7.513008, 22.036976]=Vector3f[1.077432, -7.513008, 22.036976]
Vector3f[1.077432, -7.513008, 22.036976]=Vector3f[1.077432, -7.513008, 22.24213]
Vector3f[16.561863, -4.413097, 22.036976]=Vector3f[2.1436, -5.413094, 22.036976]
Vector3f[2.1436, -5.413094, 22.036976]=Vector3f[0.011263, -4.413097, 22.036976]
Vector3f[0.011263, -4.413097, 22.036976]=Vector3f[16.561863, -4.413097, 22.036976]
Vector3f[0.011263, -4.413097, 22.036976]=Vector3f[26.50555, -4.413097, 30.763021]
Vector3f[26.50555, -4.413097, 30.763021]=Vector3f[16.561863, -4.413097, 22.036976]
Vector3f[16.561863, -4.413097, 22.036976]=Vector3f[0.011263, -4.413097, 22.036976]
Vector3f[16.561863, -4.413097, 22.036976]=Vector3f[26.50555, -4.413097, 30.763021]
Vector3f[26.50555, -4.413097, 30.763021]=Vector3f[52.999844, -4.413097, 30.763016]
Vector3f[52.999844, -4.413097, 30.763016]=Vector3f[16.561863, -4.413097, 22.036976]
Vector3f[16.561863, -4.413097, 22.036976]=Vector3f[52.999844, -4.413097, 30.763016]
Vector3f[52.999844, -4.413097, 30.763016]=Vector3f[33.112476, -4.413094, 22.036976]
Vector3f[33.112476, -4.413094, 22.036976]=Vector3f[16.561863, -4.413097, 22.036976]
Vector3f[33.112476, -4.413094, 22.036976]=Vector3f[17.275238, -5.413094, 22.036976]
Vector3f[17.275238, -5.413094, 22.036976]=Vector3f[16.561863, -4.413097, 22.036976]
Vector3f[16.561863, -4.413097, 22.036976]=Vector3f[33.112476, -4.413094, 22.036976]
Vector3f[33.112476, -4.413094, 22.036976]=Vector3f[36.80203, -5.41309, 22.036976]
Vector3f[36.80203, -5.41309, 22.036976]=Vector3f[17.275238, -5.413094, 22.036976]
Vector3f[17.275238, -5.413094, 22.036976]=Vector3f[33.112476, -4.413094, 22.036976]
Vector3f[17.275238, -5.413094, 22.036976]=Vector3f[36.80203, -5.41309, 22.036976]
Vector3f[36.80203, -5.41309, 22.036976]=Vector3f[27.038633, -5.413094, 30.763021]
Vector3f[27.038633, -5.413094, 30.763021]=Vector3f[17.275238, -5.413094, 22.036976]
Vector3f[17.275238, -5.413094, 22.036976]=Vector3f[27.038633, -5.413094, 30.763021]
Vector3f[27.038633, -5.413094, 30.763021]=Vector3f[2.143601, -5.413097, 30.763027]
Vector3f[2.143601, -5.413097, 30.763027]=Vector3f[17.275238, -5.413094, 22.036976]
Vector3f[17.275238, -5.413094, 22.036976]=Vector3f[2.143601, -5.413097, 30.763027]
Vector3f[2.143601, -5.413097, 30.763027]=Vector3f[2.1436, -5.413094, 22.036976]
Vector3f[2.1436, -5.413094, 22.036976]=Vector3f[17.275238, -5.413094, 22.036976]
Vector3f[2.1436, -5.413094, 22.036976]=Vector3f[2.143601, -5.413097, 30.763027]
Vector3f[2.143601, -5.413097, 30.763027]=Vector3f[2.143601, -5.924591, 30.763027]
Vector3f[2.143601, -5.924591, 30.763027]=Vector3f[2.1436, -5.413094, 22.036976]
Vector3f[0.011264, -4.413101, 30.763027]=Vector3f[2.143601, -5.924591, 30.763027]
Vector3f[2.143601, -5.924591, 30.763027]=Vector3f[2.143601, -5.413097, 30.763027]
Vector3f[2.143601, -5.413097, 30.763027]=Vector3f[0.011264, -4.413101, 30.763027]
Vector3f[0.011264, -4.413101, 30.763027]=Vector3f[2.143601, -5.413097, 30.763027]
Vector3f[2.143601, -5.413097, 30.763027]=Vector3f[26.50555, -4.413097, 30.763021]
Vector3f[26.50555, -4.413097, 30.763021]=Vector3f[0.011264, -4.413101, 30.763027]
Vector3f[0.011264, -4.413101, 30.763027]=Vector3f[2.143601, -6.41309, 30.763027]
Vector3f[2.143601, -6.41309, 30.763027]=Vector3f[2.143601, -5.924591, 30.763027]
Vector3f[2.143601, -5.924591, 30.763027]=Vector3f[0.011264, -4.413101, 30.763027]
Vector3f[2.1436, -5.723988, 22.036976]=Vector3f[2.143601, -5.924591, 30.763027]
Vector3f[2.143601, -5.924591, 30.763027]=Vector3f[2.143601, -6.41309, 30.763027]
Vector3f[2.143601, -6.41309, 30.763027]=Vector3f[2.1436, -5.723988, 22.036976]
Vector3f[0.011264, -4.413101, 30.763027]=Vector3f[1.077433, -7.41309, 30.763027]
Vector3f[1.077433, -7.41309, 30.763027]=Vector3f[2.143601, -6.41309, 30.763027]
Vector3f[2.143601, -6.41309, 30.763027]=Vector3f[0.011264, -4.413101, 30.763027]
Vector3f[2.143601, -6.41309, 30.763027]=Vector3f[1.077433, -7.41309, 30.763027]
Vector3f[1.077433, -7.41309, 30.763027]=Vector3f[27.038635, -6.413086, 30.763021]
Vector3f[27.038635, -6.413086, 30.763021]=Vector3f[2.143601, -6.41309, 30.763027]
Vector3f[1.043576, -7.513012, 30.763025]=Vector3f[1.077433, -7.41309, 30.763027]
Vector3f[1.077433, -7.41309, 30.763027]=Vector3f[0.011264, -4.413101, 30.763027]
Vector3f[0.011264, -4.413101, 30.763027]=Vector3f[1.043576, -7.513012, 30.763025]
Vector3f[26.50555, -4.413097, 30.763021]=Vector3f[2.143601, -5.413097, 30.763027]
Vector3f[2.143601, -5.413097, 30.763027]=Vector3f[27.038633, -5.413094, 30.763021]
Vector3f[27.038633, -5.413094, 30.763021]=Vector3f[26.50555, -4.413097, 30.763021]
Vector3f[51.933674, -5.41309, 22.036976]=Vector3f[27.038633, -5.413094, 30.763021]
Vector3f[27.038633, -5.413094, 30.763021]=Vector3f[36.80203, -5.41309, 22.036976]
Vector3f[36.80203, -5.41309, 22.036976]=Vector3f[51.933674, -5.41309, 22.036976]
Vector3f[52.999844, -4.413094, 22.036976]=Vector3f[51.933674, -5.41309, 22.036976]
Vector3f[51.933674, -5.41309, 22.036976]=Vector3f[36.80203, -5.41309, 22.036976]
Vector3f[36.80203, -5.41309, 22.036976]=Vector3f[52.999844, -4.413094, 22.036976]
Vector3f[52.999844, -5.414745, 22.036976]=Vector3f[51.933674, -5.41309, 22.036976]
Vector3f[51.933674, -5.41309, 22.036976]=Vector3f[52.999844, -4.413094, 22.036976]
Vector3f[52.999844, -4.413094, 22.036976]=Vector3f[52.999844, -5.414745, 22.036976]
Vector3f[52.999844, -4.413094, 22.036976]=Vector3f[52.999844, -6.016544, 30.763016]
Vector3f[52.999844, -6.016544, 30.763016]=Vector3f[52.999844, -5.414745, 22.036976]
Vector3f[52.999844, -5.414745, 22.036976]=Vector3f[52.999844, -4.413094, 22.036976]
Vector3f[52.999844, -5.414745, 22.036976]=Vector3f[52.999844, -6.016544, 30.763016]
Vector3f[52.999844, -6.016544, 30.763016]=Vector3f[52.999844, -7.413086, 30.763016]
Vector3f[52.999844, -7.413086, 30.763016]=Vector3f[52.999844, -5.414745, 22.036976]
Vector3f[52.999844, -5.414745, 22.036976]=Vector3f[52.999844, -7.413086, 30.763016]
Vector3f[52.999844, -7.413086, 30.763016]=Vector3f[52.999844, -6.287144, 22.036976]
Vector3f[52.999844, -6.287144, 22.036976]=Vector3f[52.999844, -5.414745, 22.036976]
Vector3f[52.999844, -7.413082, 22.036976]=Vector3f[52.999844, -5.414745, 22.036976]
Vector3f[52.999844, -5.414745, 22.036976]=Vector3f[52.999844, -6.287144, 22.036976]
Vector3f[52.999844, -6.287144, 22.036976]=Vector3f[52.999844, -7.413082, 22.036976]
Vector3f[52.999844, -7.413082, 22.036976]=Vector3f[51.933674, -6.413082, 22.036976]
Vector3f[51.933674, -6.413082, 22.036976]=Vector3f[52.999844, -5.414745, 22.036976]
Vector3f[52.999844, -5.414745, 22.036976]=Vector3f[52.999844, -7.413082, 22.036976]
Vector3f[51.933674, -6.125183, 22.036976]=Vector3f[52.999844, -5.414745, 22.036976]
Vector3f[52.999844, -5.414745, 22.036976]=Vector3f[51.933674, -6.413082, 22.036976]
Vector3f[51.933674, -6.413082, 22.036976]=Vector3f[51.933674, -6.125183, 22.036976]
Vector3f[51.933674, -6.413082, 22.036976]=Vector3f[51.933674, -5.924587, 30.763016]
Vector3f[51.933674, -5.924587, 30.763016]=Vector3f[51.933674, -6.125183, 22.036976]
Vector3f[51.933674, -6.125183, 22.036976]=Vector3f[51.933674, -6.413082, 22.036976]
Vector3f[51.933674, -6.125183, 22.036976]=Vector3f[51.933674, -5.924587, 30.763016]
Vector3f[51.933674, -5.924587, 30.763016]=Vector3f[51.933674, -5.413094, 30.763016]
Vector3f[51.933674, -5.413094, 30.763016]=Vector3f[51.933674, -6.125183, 22.036976]
Vector3f[51.933674, -6.125183, 22.036976]=Vector3f[51.933674, -5.413094, 30.763016]
Vector3f[51.933674, -5.413094, 30.763016]=Vector3f[51.933674, -5.823727, 22.036976]
Vector3f[51.933674, -5.823727, 22.036976]=Vector3f[51.933674, -6.125183, 22.036976]
Vector3f[51.933674, -5.41309, 22.036976]=Vector3f[51.933674, -5.823727, 22.036976]
Vector3f[51.933674, -5.823727, 22.036976]=Vector3f[51.933674, -5.413094, 30.763016]
Vector3f[51.933674, -5.413094, 30.763016]=Vector3f[51.933674, -5.41309, 22.036976]
Vector3f[51.933674, -5.924587, 30.763016]=Vector3f[52.999844, -4.413097, 30.763016]
Vector3f[52.999844, -4.413097, 30.763016]=Vector3f[51.933674, -5.413094, 30.763016]
Vector3f[51.933674, -5.413094, 30.763016]=Vector3f[51.933674, -5.924587, 30.763016]
Vector3f[52.999844, -4.413097, 30.763016]=Vector3f[27.038633, -5.413094, 30.763021]
Vector3f[27.038633, -5.413094, 30.763021]=Vector3f[51.933674, -5.413094, 30.763016]
Vector3f[51.933674, -5.413094, 30.763016]=Vector3f[52.999844, -4.413097, 30.763016]
Vector3f[51.933674, -6.413086, 30.763016]=Vector3f[52.999844, -4.413097, 30.763016]
Vector3f[52.999844, -4.413097, 30.763016]=Vector3f[51.933674, -5.924587, 30.763016]
Vector3f[51.933674, -5.924587, 30.763016]=Vector3f[51.933674, -6.413086, 30.763016]
Vector3f[52.999844, -4.413097, 30.763016]=Vector3f[51.933674, -6.413086, 30.763016]
Vector3f[51.933674, -6.413086, 30.763016]=Vector3f[52.999844, -6.016544, 30.763016]
Vector3f[52.999844, -6.016544, 30.763016]=Vector3f[52.999844, -4.413097, 30.763016]
Vector3f[51.933674, -6.413082, 22.036976]=Vector3f[51.933674, -6.413086, 30.763016]
Vector3f[51.933674, -6.413086, 30.763016]=Vector3f[51.933674, -5.924587, 30.763016]
Vector3f[51.933674, -5.924587, 30.763016]=Vector3f[51.933674, -6.413082, 22.036976]
Vector3f[51.933674, -5.823727, 22.036976]=Vector3f[52.999844, -5.414745, 22.036976]
Vector3f[52.999844, -5.414745, 22.036976]=Vector3f[51.933674, -6.125183, 22.036976]
Vector3f[51.933674, -6.125183, 22.036976]=Vector3f[51.933674, -5.823727, 22.036976]
Vector3f[51.933674, -6.413082, 22.036976]=Vector3f[52.999844, -7.413082, 22.036976]
Vector3f[52.999844, -7.413082, 22.036976]=Vector3f[38.225742, -7.413082, 22.036976]
Vector3f[38.225742, -7.413082, 22.036976]=Vector3f[51.933674, -6.413082, 22.036976]
Vector3f[52.999844, -7.413082, 22.036976]=Vector3f[52.999844, -6.287144, 22.036976]
Vector3f[52.999844, -6.287144, 22.036976]=Vector3f[52.999844, -7.413086, 30.763016]
Vector3f[52.999844, -7.413086, 30.763016]=Vector3f[52.999844, -7.413082, 22.036976]
Vector3f[52.999844, -7.413082, 22.036976]=Vector3f[52.999844, -7.413086, 30.763016]
Vector3f[52.999844, -7.413086, 30.763016]=Vector3f[27.038633, -7.413086, 30.763021]
Vector3f[27.038633, -7.413086, 30.763021]=Vector3f[52.999844, -7.413082, 22.036976]
Vector3f[51.933674, -6.413086, 30.763016]=Vector3f[27.038633, -7.413086, 30.763021]
Vector3f[27.038633, -7.413086, 30.763021]=Vector3f[52.999844, -7.413086, 30.763016]
Vector3f[52.999844, -7.413086, 30.763016]=Vector3f[51.933674, -6.413086, 30.763016]
Vector3f[52.999844, -6.016544, 30.763016]=Vector3f[51.933674, -6.413086, 30.763016]
Vector3f[51.933674, -6.413086, 30.763016]=Vector3f[52.999844, -7.413086, 30.763016]
Vector3f[52.999844, -7.413086, 30.763016]=Vector3f[52.999844, -6.016544, 30.763016]
Vector3f[52.999844, -4.413094, 22.036976]=Vector3f[52.999844, -4.413097, 30.763016]
Vector3f[52.999844, -4.413097, 30.763016]=Vector3f[52.999844, -6.016544, 30.763016]
Vector3f[52.999844, -6.016544, 30.763016]=Vector3f[52.999844, -4.413094, 22.036976]
Vector3f[51.933674, -5.41309, 22.036976]=Vector3f[52.999844, -5.414745, 22.036976]
Vector3f[52.999844, -5.414745, 22.036976]=Vector3f[51.933674, -5.823727, 22.036976]
Vector3f[51.933674, -5.823727, 22.036976]=Vector3f[51.933674, -5.41309, 22.036976]
Vector3f[51.933674, -5.41309, 22.036976]=Vector3f[51.933674, -5.413094, 30.763016]
Vector3f[51.933674, -5.413094, 30.763016]=Vector3f[27.038633, -5.413094, 30.763021]
Vector3f[27.038633, -5.413094, 30.763021]=Vector3f[51.933674, -5.41309, 22.036976]
Vector3f[52.999844, -4.413094, 22.036976]=Vector3f[36.80203, -5.41309, 22.036976]
Vector3f[36.80203, -5.41309, 22.036976]=Vector3f[33.112476, -4.413094, 22.036976]
Vector3f[33.112476, -4.413094, 22.036976]=Vector3f[52.999844, -4.413094, 22.036976]
Vector3f[52.999844, -4.413094, 22.036976]=Vector3f[33.112476, -4.413094, 22.036976]
Vector3f[33.112476, -4.413094, 22.036976]=Vector3f[52.999844, -4.413097, 30.763016]
Vector3f[52.999844, -4.413097, 30.763016]=Vector3f[52.999844, -4.413094, 22.036976]
Vector3f[26.50555, -4.413097, 30.763021]=Vector3f[27.038633, -5.413094, 30.763021]
Vector3f[27.038633, -5.413094, 30.763021]=Vector3f[52.999844, -4.413097, 30.763016]
Vector3f[52.999844, -4.413097, 30.763016]=Vector3f[26.50555, -4.413097, 30.763021]
Vector3f[0.011263, -4.413097, 22.036976]=Vector3f[0.011264, -4.413101, 30.763027]
Vector3f[0.011264, -4.413101, 30.763027]=Vector3f[26.50555, -4.413097, 30.763021]
Vector3f[26.50555, -4.413097, 30.763021]=Vector3f[0.011263, -4.413097, 22.036976]
Vector3f[16.561863, -4.413097, 22.036976]=Vector3f[17.275238, -5.413094, 22.036976]
Vector3f[17.275238, -5.413094, 22.036976]=Vector3f[2.1436, -5.413094, 22.036976]
Vector3f[2.1436, -5.413094, 22.036976]=Vector3f[16.561863, -4.413097, 22.036976]
Vector3f[0.011264, -7.513012, 25.30448]=Vector3f[0.011264, -4.413101, 30.763027]
Vector3f[0.011264, -4.413101, 30.763027]=Vector3f[0.011263, -4.413097, 22.036976]
Vector3f[0.011263, -4.413097, 22.036976]=Vector3f[0.011264, -7.513012, 25.30448]
Vector3f[1.077432, -7.513008, 22.24213]=Vector3f[0.011263, -7.513008, 22.036974]
Vector3f[0.011263, -7.513008, 22.036974]=Vector3f[1.022955, -7.513008, 22.036976]
Vector3f[1.022955, -7.513008, 22.036976]=Vector3f[1.077432, -7.513008, 22.24213]
Vector3f[0.011264, -7.513012, 25.30448]=Vector3f[0.011264, -7.513012, 27.563139]
Vector3f[0.011264, -7.513012, 27.563139]=Vector3f[0.011264, -4.413101, 30.763027]
Vector3f[0.011264, -4.413101, 30.763027]=Vector3f[0.011264, -7.513012, 25.30448]
Vector3f[0.011264, -7.513012, 27.563139]=Vector3f[0.011264, -7.513012, 30.763025]
Vector3f[0.011264, -7.513012, 30.763025]=Vector3f[0.011264, -4.413101, 30.763027]
Vector3f[0.011264, -4.413101, 30.763027]=Vector3f[0.011264, -7.513012, 27.563139]
Vector3f[1.043576, -7.513012, 30.763025]=Vector3f[0.011264, -4.413101, 30.763027]
Vector3f[0.011264, -4.413101, 30.763027]=Vector3f[0.011264, -7.513012, 30.763025]
Vector3f[0.011264, -7.513012, 30.763025]=Vector3f[1.043576, -7.513012, 30.763025]
Vector3f[1.043576, -7.513012, 30.763025]=Vector3f[1.077433, -7.513012, 30.763025]
Vector3f[1.077433, -7.513012, 30.763025]=Vector3f[1.077433, -7.41309, 30.763027]
Vector3f[1.077433, -7.41309, 30.763027]=Vector3f[1.043576, -7.513012, 30.763025]
Vector3f[1.077432, -7.513008, 22.24213]=Vector3f[1.077432, -7.513008, 22.036976]
Vector3f[1.077432, -7.513008, 22.036976]=Vector3f[1.077432, -7.413086, 22.036976]
Vector3f[1.077432, -7.413086, 22.036976]=Vector3f[1.077432, -7.513008, 22.24213]
Vector3f[27.038635, -6.413086, 30.763021]=Vector3f[1.077433, -7.41309, 30.763027]
Vector3f[1.077433, -7.41309, 30.763027]=Vector3f[27.038633, -7.413086, 30.763021]
Vector3f[27.038633, -7.413086, 30.763021]=Vector3f[27.038635, -6.413086, 30.763021]
Vector3f[52.999844, -7.413082, 22.036976]=Vector3f[27.038633, -7.413086, 30.763021]
Vector3f[27.038633, -7.413086, 30.763021]=Vector3f[38.225742, -7.413082, 22.036976]
Vector3f[38.225742, -7.413082, 22.036976]=Vector3f[52.999844, -7.413082, 22.036976]
Vector3f[51.933674, -6.413082, 22.036976]=Vector3f[38.225742, -7.413082, 22.036976]
Vector3f[38.225742, -7.413082, 22.036976]=Vector3f[31.487984, -6.413082, 22.036976]
Vector3f[31.487984, -6.413082, 22.036976]=Vector3f[51.933674, -6.413082, 22.036976]
Vector3f[51.933674, -6.413082, 22.036976]=Vector3f[31.487984, -6.413082, 22.036976]
Vector3f[31.487984, -6.413082, 22.036976]=Vector3f[51.933674, -6.413086, 30.763016]
Vector3f[51.933674, -6.413086, 30.763016]=Vector3f[51.933674, -6.413082, 22.036976]
Vector3f[27.038635, -6.413086, 30.763021]=Vector3f[27.038633, -7.413086, 30.763021]
Vector3f[27.038633, -7.413086, 30.763021]=Vector3f[51.933674, -6.413086, 30.763016]
Vector3f[51.933674, -6.413086, 30.763016]=Vector3f[27.038635, -6.413086, 30.763021]
Vector3f[2.1436, -6.413086, 22.036976]=Vector3f[2.143601, -6.41309, 30.763027]
Vector3f[2.143601, -6.41309, 30.763027]=Vector3f[27.038635, -6.413086, 30.763021]
Vector3f[27.038635, -6.413086, 30.763021]=Vector3f[2.1436, -6.413086, 22.036976]
Vector3f[16.815788, -6.413086, 22.036976]=Vector3f[15.851524, -7.413086, 22.036976]
Vector3f[15.851524, -7.413086, 22.036976]=Vector3f[1.077432, -7.413086, 22.036976]
Vector3f[1.077432, -7.413086, 22.036976]=Vector3f[16.815788, -6.413086, 22.036976]
Vector3f[2.1436, -6.413086, 22.036976]=Vector3f[2.1436, -6.020912, 22.036976]
Vector3f[2.1436, -6.020912, 22.036976]=Vector3f[2.143601, -6.41309, 30.763027]
Vector3f[2.143601, -6.41309, 30.763027]=Vector3f[2.1436, -6.413086, 22.036976]
Vector3f[2.1436, -5.723988, 22.036976]=Vector3f[2.143601, -6.41309, 30.763027]
Vector3f[2.143601, -6.41309, 30.763027]=Vector3f[2.1436, -6.020912, 22.036976]
Vector3f[2.1436, -6.020912, 22.036976]=Vector3f[2.1436, -5.723988, 22.036976]
Vector3f[2.1436, -5.413094, 22.036976]=Vector3f[2.143601, -5.924591, 30.763027]
Vector3f[2.143601, -5.924591, 30.763027]=Vector3f[2.1436, -5.723988, 22.036976]
Vector3f[2.1436, -5.723988, 22.036976]=Vector3f[2.1436, -5.413094, 22.036976]
Vector3f[1.011585, -7.513008, 22.036974]=Vector3f[2.1436, -5.413094, 22.036976]
Vector3f[2.1436, -5.413094, 22.036976]=Vector3f[1.077432, -7.413086, 22.036976]
Vector3f[1.077432, -7.413086, 22.036976]=Vector3f[1.011585, -7.513008, 22.036974]
